((("next" .
   [1 0 0 0])
  ("rest" .
   [1 0 0 0])
  ("first" .
   [1 0 0 0 0])
  ("..." .
   [1 0 0])
  ("cdar" .
   [1 0 0 0])
  ("null" .
   [1 0 0 0])
  ("i" .
   [1])
  ("sum" .
   [3 0 0])
  ("l" .
   [1])
  ("defun" .
   [1 0 0 0 0])
  ("cdr" .
   [4 0 0])
  ("car" .
   [4 0 0])
  ("bar" .
   [2 0 0])
  ("foo" .
   [1 0 0])
  ("==" .
   [2 0])
  ("cell" .
   [1 0 0 0])
  ("nil" .
   [5 0 0])
  ("lambda" .
   [2 0 0 0 0 0])
  ("turn-on-eldoc-mode" .
   [0 0 0 0 0 0 0 1 0 0 0 0 0 0 0 0 0 0])
  ("cider-turn-on-eldoc-mode" .
   [0 0 0 0 0 0 0 1 0 0 0 0 0 0 0 0 0 0 0 0 0 0 0 0])
  ("if" .
   [2 0])
  ("c" .
   [1])
  ("elisp" .
   [1 0 0 0 0])
  ("cider" .
   [3 0 0 0 0])
  ("plexus-lisp-init" .
   [0 0 0 0 0 0 0 0 0 0 0 0 0 1 0 0])
  ("set" .
   [2 0 0])
  ("times." .
   [1 0 0 0 0 0])
  ("This" .
   [1 0 0 0])
  ("gets" .
   [1 0 0 0])
  ("on" .
   [1 0])
  ("ErrorsMailer" .
   [1 0 0 0 0 0 0 0 0 0 0 0])
  ("containing" .
   [2 0 0 0 0 0 0 0 0 0])
  ("params" .
   [2 0 0 0 0 0])
  ("session" .
   [3 0 0 0 0 0 0])
  ("env" .
   [2 0 0])
  ("which" .
   [3 0 0 0 0])
  ("in" .
   [7 0])
  ("o" .
   [1])
  ("error" .
   [4 0 0 0 0])
  ("message" .
   [2 0 0 0 0 0 0])
  ("an" .
   [3 0])
  ("sends" .
   [1 0 0 0 0])
  ("the" .
   [7 0 0])
  ("s" .
   [1])
  ("again" .
   [1 0 0 0 0])
  ("filtered" .
   [1 0 0 0 0 0 0 0])
  ("this" .
   [3 0 0 0])
  ("point" .
   [1 0 0 0 0])
  ("but" .
   [1 0 0])
  ("we" .
   [1 0])
  ("still" .
   [1 0 0 0 0])
  ("require" .
   [1 0 0 1 0 0 0])
  ("clojure-mode" .
   [1 0 0 0 0 0 0 0 0 0 0 0])
  ("wgrep" .
   [1 0 0 0 0])
  ("test" .
   [1 0 0 0])
  ("test.0" .
   [2 0 0 0 0 0])
  ("Send" .
   [1 0 0 0])
  ("command" .
   [1 0 0 0 0 0 0])
  ("shell" .
   [1 0 0 0 0])
  ("see" .
   [1 0 0])
  ("update" .
   [1 0 0 0 0 0])
  ("for" .
   [2 0 0])
  ("some" .
   [1 0 0 0])
  ("was" .
   [1 0 0])
  ("too" .
   [1 0 0])
  ("and" .
   [2 0 0])
  ("added" .
   [1 0 0 0 0])
  ("tests" .
   [1 0 0 0 0])
  ("cases" .
   [1 0 0 0 0])
  ("should" .
   [1 0 0 0 0 0])
  ("Ruby" .
   [1 0 0 0])
  ("Berlin" .
   [1 0 0 0 0 0])
  ("developer" .
   [1 0 0 0 0 0 0 0 0])
  ("author" .
   [2 0 0 0 0 0])
  ("work" .
   [2 0 0 0])
  ("to" .
   [1 0])
  ("coach" .
   [1 0 0 0 0])
  ("programming" .
   [1 0 0 0 0 0 0 0 0 0 0])
  ("two" .
   [1 0 0])
  ("has" .
   [1 0 0])
  ("API" .
   [1 0 0])
  ("*grid*" .
   [1 0 0 0 0 0])
  ("cowbell" .
   [1 0 0 0 0 0 0])
  ("crash" .
   [1 0 0 0 0])
  ("stop" .
   [4 0 0 0])
  ("overtone.core" .
   [1 0 0 0 0 0 0 0 0 0 0 0 0])
  (":refer" .
   [1 0 0 0 0 0])
  ("all" .
   [1 0 0])
  ("beat" .
   [1 0 0 0])
  ("mbeat" .
   [2 0 0 0 0])
  ("metronome" .
   [1 0 0 0 0 0 0 0 0])
  ("bar-beat" .
   [1 0 0 0 0 0 0 0])
  ("next-beat" .
   [3 0 0 0 0 0 0 0 0])
  ("start!" .
   [5 0 0 0 0 0])
  (":dynamic" .
   [2 0 0 0 0 0 0 0])
  ("def" .
   [1 0 0])
  ("ride" .
   [1 0 0 0])
  ("*metro*" .
   [0 0 0 0 0 0 2])
  (":bpm" .
   [1 0 0 0])
  (":require" .
   [1 0 0 0 0 0 0 0])))
